5 0.332078 0.493333 0.056875 0.060833
0 0.395602 0.221104 0.038453 0.055625
0 0.330562 0.310281 0.036000 0.049646
0 0.778500 0.233958 0.040656 0.055750
0 0.712820 0.222562 0.043578 0.058125
3 0.646055 0.238687 0.043984 0.065000
0 0.523492 0.487323 0.035453 0.045896
3 0.648289 0.473469 0.048609 0.055687
6 0.333789 0.564594 0.036484 0.048646
6 0.393633 0.639885 0.035141 0.047771
6 0.530164 0.574885 0.036172 0.047771
6 0.712883 0.488760 0.038891 0.047313
6 0.778844 0.488760 0.044687 0.048229
9 0.584180 0.308885 0.038359 0.055687
9 0.591023 0.406708 0.039203 0.052417
11 0.514320 0.744396 0.045734 0.070833
