5 0.743141 0.739500 0.058781 0.060833
0 0.340945 0.651208 0.038453 0.055625
0 0.790359 0.652021 0.036000 0.049625
0 0.403945 0.654510 0.040641 0.055771
0 0.660438 0.650312 0.037250 0.048500
3 0.337805 0.742875 0.043984 0.065000
0 0.457195 0.653396 0.035453 0.045917
6 0.346336 0.240823 0.036484 0.048646
6 0.408789 0.241094 0.035141 0.047771
6 0.471922 0.235594 0.036156 0.047771
6 0.541742 0.245031 0.038891 0.047312
6 0.602320 0.403427 0.039266 0.048229
9 0.340914 0.148240 0.042859 0.068938
11 0.732758 0.136896 0.051141 0.081625
0 0.534047 0.651135 0.036000 0.049646
0 0.597766 0.490531 0.036000 0.049646
0 0.725812 0.655917 0.036000 0.049625
9 0.660734 0.151969 0.048219 0.073604
3 0.662867 0.739375 0.053828 0.065000
1 0.476656 0.579927 0.038406 0.059437
2 0.474578 0.735365 0.037219 0.054021
4 0.538500 0.734760 0.044406 0.071229
1 0.664250 0.568125 0.047500 0.066833
2 0.473539 0.485406 0.037203 0.054021
7 0.478562 0.315010 0.040969 0.065687
7 0.656937 0.319927 0.040969 0.069312
8 0.471344 0.142760 0.037406 0.071896
10 0.534172 0.138073 0.044719 0.088688
8 0.476281 0.396562 0.037406 0.057292
6 0.654195 0.229927 0.036484 0.048646
6 0.730836 0.238437 0.036484 0.048625
6 0.790148 0.228708 0.036484 0.048625
