5 0.743141 0.739500 0.058781 0.060833
0 0.355555 0.488198 0.038453 0.055646
0 0.792922 0.569229 0.036000 0.049625
0 0.413070 0.642344 0.040641 0.055771
0 0.660438 0.650312 0.037250 0.048500
6 0.346336 0.240823 0.036484 0.048646
6 0.409797 0.333302 0.035156 0.047771
6 0.602320 0.403427 0.039266 0.048229
11 0.732758 0.136896 0.051141 0.081625
0 0.597766 0.490531 0.036000 0.049646
0 0.725812 0.655917 0.036000 0.049625
4 0.732383 0.489021 0.054453 0.071208
1 0.664250 0.568125 0.047500 0.066833
7 0.536047 0.221333 0.040969 0.065667
10 0.480336 0.745031 0.044703 0.069229
6 0.654195 0.229927 0.036484 0.048646
6 0.730836 0.238437 0.036484 0.048625
6 0.790148 0.228708 0.036484 0.048625
