5 0.804281 0.662875 0.066062 0.060833
0 0.792922 0.569229 0.036000 0.049625
0 0.413070 0.642344 0.040641 0.055771
0 0.660438 0.650312 0.037250 0.048500
6 0.346336 0.240823 0.036484 0.048646
6 0.409797 0.333302 0.035156 0.047771
11 0.732758 0.136896 0.051141 0.081625
0 0.597766 0.490531 0.036000 0.049646
0 0.725812 0.655917 0.036000 0.049625
1 0.538391 0.482292 0.036562 0.051042
7 0.536047 0.325958 0.040969 0.065667
6 0.654195 0.229927 0.036484 0.048646
6 0.730836 0.238437 0.036484 0.048625
6 0.790148 0.228708 0.036484 0.048625
